	
				Ionosphere			breast			glass				iris				liver				pima				sonar				vehicle				wine				wpbc			zoo			dbworld_bodies_stemmed		dbworld_bodies	
|U|				351							277					214					150					345					768					208					846					178					198				101				64												64						
|At|			34							9						9						4						6						8						60					18					13					33				16				3721											4702					
A					6								9						2						4						3						3						1						3						2						2					11				12												12						
D					8								9						2						4						3						3						1						3						2						2					11				26												30						
A-D				8								9						2						4						3						3						1						3						2						2					11				28												34						
A_time		362.8240				34.3197			1.3721			0.3868			2.2577			18.8944			3.1396			487.6517		0.9042			1.7366		17.2306   168.6378								219.1735				
D_time		36.0783					2.7268    	3.3553			0.4192			4.5142			31.7053			20.7057			95.5116			3.1168			10.1216		0.8609    523.1270								890.3067				
A-D_time	29.5008					5.1094			2.5898			0.8367			3.7197			19.1159			0.6998			23.8148			0.7783			1.5858		1.1224		23.6302									27.9465					



     
     
